#Layer_Color=16711935
#
#Feature symbol names
#
$0 r3.937

#
#Feature attribute names
#

#
#Layer features
#
A 1.6026771 2.7593307 1.6026771 2.7593307 1.5829921 2.7593307 0 P 0 N
L 0.458308 1.802442 0.458308 1.85756 0 P 0
L 0.458308 1.802442 0.542952 1.802442 0 P 0
L 0.458308 1.85756 0.542952 1.85756 0 P 0
L 0.498346 2.068188 0.498346 2.09181 0 P 0
L 0.498346 2.068188 0.541654 2.068188 0 P 0
L 0.498346 2.09181 0.541654 2.09181 0 P 0
L 0.541654 2.068188 0.541654 2.09181 0 P 0
L 0.542952 1.802442 0.542952 1.85756 0 P 0
L 0.65244 3.170944 0.65244 3.289056 0 P 0
L 0.65244 3.170944 0.70756 3.170944 0 P 0
L 0.65244 3.289056 0.70756 3.289056 0 P 0
L 0.70756 3.170944 0.70756 3.289056 0 P 0
L 0.717048 2.322442 0.717048 2.37756 0 P 0
L 0.717048 2.322442 0.801692 2.322442 0 P 0
L 0.717048 2.37756 0.801692 2.37756 0 P 0
L 0.801692 2.322442 0.801692 2.37756 0 P 0
L 0.81244 2.637678 0.81244 2.722322 0 P 0
L 0.81244 2.637678 0.86756 2.637678 0 P 0
L 0.81244 2.722322 0.86756 2.722322 0 P 0
L 0.86756 2.637678 0.86756 2.722322 0 P 0
L 1.50819 1.778662 1.50819 1.821968 0 P 0
L 1.50819 1.778662 1.531812 1.778662 0 P 0
L 1.50819 1.821968 1.531812 1.821968 0 P 0
L 1.50819 2.088662 1.50819 2.131968 0 P 0
L 1.50819 2.088662 1.531812 2.088662 0 P 0
L 1.50819 2.131968 1.531812 2.131968 0 P 0
L 1.508346 1.518188 1.508346 1.54181 0 P 0
L 1.508346 1.518188 1.551654 1.518188 0 P 0
L 1.508346 1.54181 1.551654 1.54181 0 P 0
L 1.531812 1.778662 1.531812 1.821968 0 P 0
L 1.531812 2.088662 1.531812 2.131968 0 P 0
L 1.54756 2.48374 1.54756 2.794764 0 P 0
L 1.54756 2.48374 1.724724 2.48374 0 P 0
L 1.54756 2.794764 1.724724 2.794764 0 P 0
L 1.547678 1.052442 1.547678 1.10756 0 P 0
L 1.547678 1.052442 1.632322 1.052442 0 P 0
L 1.547678 1.10756 1.632322 1.10756 0 P 0
L 1.547678 1.202442 1.547678 1.25756 0 P 0
L 1.547678 1.202442 1.632322 1.202442 0 P 0
L 1.547678 1.25756 1.632322 1.25756 0 P 0
L 1.551654 1.518188 1.551654 1.54181 0 P 0
L 1.632322 1.052442 1.632322 1.10756 0 P 0
L 1.632322 1.202442 1.632322 1.25756 0 P 0
L 1.687362 1.757008 1.687362 1.823938 0 P 0
L 1.687362 1.757008 1.724764 1.757008 0 P 0
L 1.687362 1.823938 1.724764 1.823938 0 P 0
L 1.687362 2.067008 1.687362 2.133938 0 P 0
L 1.687362 2.067008 1.724764 2.067008 0 P 0
L 1.687362 2.133938 1.724764 2.133938 0 P 0
L 1.724724 2.48374 1.724724 2.794764 0 P 0
L 1.724764 1.757008 1.724764 1.823938 0 P 0
L 1.724764 2.067008 1.724764 2.133938 0 P 0
L 1.884252 1.718308 1.884252 1.802952 0 P 0
L 1.884252 1.718308 1.93937 1.718308 0 P 0
L 1.884252 1.802952 1.93937 1.802952 0 P 0
L 1.884252 2.028308 1.884252 2.112952 0 P 0
L 1.884252 2.028308 1.93937 2.028308 0 P 0
L 1.884252 2.112952 1.93937 2.112952 0 P 0
L 1.93937 1.718308 1.93937 1.802952 0 P 0
L 1.93937 2.028308 1.93937 2.112952 0 P 0
L 2.06244 1.718308 2.06244 1.802952 0 P 0
L 2.06244 1.718308 2.117558 1.718308 0 P 0
L 2.06244 1.802952 2.117558 1.802952 0 P 0
L 2.06244 2.028308 2.06244 2.112952 0 P 0
L 2.06244 2.028308 2.117558 2.028308 0 P 0
L 2.06244 2.112952 2.117558 2.112952 0 P 0
L 2.117558 1.718308 2.117558 1.802952 0 P 0
L 2.117558 2.028308 2.117558 2.112952 0 P 0
L 2.838662 0.87819 2.838662 0.901812 0 P 0
L 2.838662 0.87819 2.881968 0.87819 0 P 0
L 2.838662 0.901812 2.881968 0.901812 0 P 0
L 2.838662 2.32819 2.838662 2.351812 0 P 0
L 2.838662 2.32819 2.881968 2.32819 0 P 0
L 2.838662 2.351812 2.881968 2.351812 0 P 0
L 2.878032 2.25819 2.878032 2.281812 0 P 0
L 2.878032 2.25819 2.921338 2.25819 0 P 0
L 2.878032 2.281812 2.921338 2.281812 0 P 0
L 2.878662 0.79819 2.878662 0.821812 0 P 0
L 2.878662 0.79819 2.921968 0.79819 0 P 0
L 2.878662 0.821812 2.921968 0.821812 0 P 0
L 2.881968 0.87819 2.881968 0.901812 0 P 0
L 2.881968 2.32819 2.881968 2.351812 0 P 0
L 2.921338 2.25819 2.921338 2.281812 0 P 0
L 2.921968 0.79819 2.921968 0.821812 0 P 0
L 2.958032 0.87819 2.958032 0.901812 0 P 0
L 2.958032 0.87819 3.001338 0.87819 0 P 0
L 2.958032 0.901812 3.001338 0.901812 0 P 0
L 2.958346 2.32819 2.958346 2.351812 0 P 0
L 2.958346 2.32819 3.001654 2.32819 0 P 0
L 2.958346 2.351812 3.001654 2.351812 0 P 0
L 3.001338 0.87819 3.001338 0.901812 0 P 0
L 3.001654 2.32819 3.001654 2.351812 0 P 0
L 3.082442 0.778308 3.082442 0.862952 0 P 0
L 3.082442 0.778308 3.13756 0.778308 0 P 0
L 3.082442 0.862952 3.13756 0.862952 0 P 0
L 3.102442 2.228308 3.102442 2.312952 0 P 0
L 3.102442 2.228308 3.15756 2.228308 0 P 0
L 3.102442 2.312952 3.15756 2.312952 0 P 0
L 3.13756 0.778308 3.13756 0.862952 0 P 0
L 3.15756 2.228308 3.15756 2.312952 0 P 0
