#Layer_Color=32768
#
#Feature symbol names
#
$0 r10
$1 r3.937
$2 r1.9685

#
#Feature attribute names
#

#
#Layer features
#
L 0.3199999 3.76 0.3200001 0.46 0 P 0
L 0.3199999 3.76 3.2599999 3.76 0 P 0
L 0.3200001 0.46 3.2600001 0.46 0 P 0
L 0.414016 1.780788 0.414016 1.879212 1 P 0
L 0.414016 1.780788 0.587244 1.780788 1 P 0
L 0.414016 1.879212 0.587244 1.879212 1 P 0
L 0.470316 2.35 0.509686 2.35 1 P 0
L 0.480944 1.83 0.520314 1.83 1 P 0
L 0.484566 2.06622 0.484566 2.09378 1 P 0
L 0.484566 2.06622 0.555434 2.06622 1 P 0
L 0.484566 2.09378 0.555434 2.09378 1 P 0
L 0.49 2.330316 0.49 2.369686 1 P 0
L 0.50063 1.810316 0.50063 1.849686 1 P 0
L 0.508188 2.08 0.531812 2.08 1 P 0
L 0.52 2.068188 0.52 2.09181 1 P 0
L 0.555434 2.06622 0.555434 2.09378 1 P 0
L 0.585512 3.15126 0.585512 3.30874 1 P 0
L 0.585512 3.15126 0.774488 3.15126 1 P 0
L 0.585512 3.30874 0.774488 3.30874 1 P 0
L 0.587244 1.780788 0.587244 1.879212 1 P 0
L 0.660314 3.23 0.699686 3.23 1 P 0
L 0.672756 2.300788 0.672756 2.399212 1 P 0
L 0.672756 2.300788 0.845984 2.300788 1 P 0
L 0.672756 2.399212 0.845984 2.399212 1 P 0
L 0.68 3.210314 0.68 3.249686 1 P 0
L 0.739686 2.35 0.779056 2.35 1 P 0
L 0.75937 2.330316 0.75937 2.369686 1 P 0
L 0.774488 3.15126 0.774488 3.30874 1 P 0
L 0.790788 2.593386 0.790788 2.766614 1 P 0
L 0.790788 2.593386 0.889212 2.593386 1 P 0
L 0.790788 2.766614 0.889212 2.766614 1 P 0
L 0.820314 2.68 0.859686 2.68 1 P 0
L 0.84 2.660314 0.84 2.699686 1 P 0
L 0.845984 2.300788 0.845984 2.399212 1 P 0
L 0.889212 2.593386 0.889212 2.766614 1 P 0
L 1.482598 2.473898 1.482598 2.804606 2 P 0
L 1.482598 2.473898 1.789686 2.473898 2 P 0
L 1.482598 2.804606 1.789686 2.804606 2 P 0
L 1.494566 1.51622 1.494566 1.54378 1 P 0
L 1.494566 1.51622 1.565434 1.51622 1 P 0
L 1.494566 1.54378 1.565434 1.54378 1 P 0
L 1.503386 1.030788 1.503386 1.129212 1 P 0
L 1.503386 1.030788 1.676614 1.030788 1 P 0
L 1.503386 1.129212 1.676614 1.129212 1 P 0
L 1.503386 1.180788 1.503386 1.279212 1 P 0
L 1.503386 1.180788 1.676614 1.180788 1 P 0
L 1.503386 1.279212 1.676614 1.279212 1 P 0
L 1.50622 1.764882 1.50622 1.835748 1 P 0
L 1.50622 1.764882 1.53378 1.764882 1 P 0
L 1.50622 1.835748 1.53378 1.835748 1 P 0
L 1.50622 2.074882 1.50622 2.145748 1 P 0
L 1.50622 2.074882 1.53378 2.074882 1 P 0
L 1.50622 2.145748 1.53378 2.145748 1 P 0
L 1.50819 1.800316 1.531812 1.800316 1 P 0
L 1.50819 2.110316 1.531812 2.110316 1 P 0
L 1.518188 1.53 1.541812 1.53 1 P 0
L 1.52 1.788504 1.52 1.812126 1 P 0
L 1.52 2.098504 1.52 2.122126 1 P 0
L 1.53 1.518188 1.53 1.54181 1 P 0
L 1.53378 1.764882 1.53378 1.835748 1 P 0
L 1.53378 2.074882 1.53378 2.145748 1 P 0
L 1.565434 1.51622 1.565434 1.54378 1 P 0
L 1.570314 1.08 1.609686 1.08 1 P 0
L 1.570314 1.23 1.609686 1.23 1 P 0
L 1.59 1.060316 1.59 1.099686 1 P 0
L 1.59 1.210316 1.59 1.249686 1 P 0
L 1.616456 2.639252 1.655826 2.639252 1 P 0
L 1.636142 2.619566 1.636142 2.658938 1 P 0
L 1.676614 1.030788 1.676614 1.129212 1 P 0
L 1.676614 1.180788 1.676614 1.279212 1 P 0
L 1.68441 1.743228 1.68441 1.837716 1 P 0
L 1.68441 1.743228 1.727716 1.743228 1 P 0
L 1.68441 1.837716 1.727716 1.837716 1 P 0
L 1.68441 2.053228 1.68441 2.147716 1 P 0
L 1.68441 2.053228 1.727716 2.053228 1 P 0
L 1.68441 2.147716 1.727716 2.147716 1 P 0
L 1.687362 1.790472 1.724764 1.790472 1 P 0
L 1.687362 2.100472 1.724764 2.100472 1 P 0
L 1.706062 2.081772 1.706062 2.119174 1 P 0
L 1.706064 1.771772 1.706064 1.809174 1 P 0
L 1.727716 1.743228 1.727716 1.837716 1 P 0
L 1.727716 2.053228 1.727716 2.147716 1 P 0
L 1.789686 2.473898 1.789686 2.804606 2 P 0
L 1.862598 1.674016 1.862598 1.847244 1 P 0
L 1.862598 1.674016 1.961024 1.674016 1 P 0
L 1.862598 1.847244 1.961024 1.847244 1 P 0
L 1.862598 1.984016 1.862598 2.157244 1 P 0
L 1.862598 1.984016 1.961024 1.984016 1 P 0
L 1.862598 2.157244 1.961024 2.157244 1 P 0
L 1.892126 1.76063 1.931496 1.76063 1 P 0
L 1.892126 2.07063 1.931496 2.07063 1 P 0
L 1.91181 1.740944 1.91181 1.780314 1 P 0
L 1.91181 2.050944 1.91181 2.090314 1 P 0
L 1.961024 1.674016 1.961024 1.847244 1 P 0
L 1.961024 1.984016 1.961024 2.157244 1 P 0
L 2.040788 1.674016 2.040788 1.847244 1 P 0
L 2.040788 1.674016 2.139212 1.674016 1 P 0
L 2.040788 1.847244 2.139212 1.847244 1 P 0
L 2.040788 1.984016 2.040788 2.157244 1 P 0
L 2.040788 1.984016 2.139212 1.984016 1 P 0
L 2.040788 2.157244 2.139212 2.157244 1 P 0
L 2.070314 1.76063 2.109684 1.76063 1 P 0
L 2.070314 2.07063 2.109684 2.07063 1 P 0
L 2.09 1.740944 2.09 1.780314 1 P 0
L 2.09 2.050944 2.09 2.090314 1 P 0
L 2.139212 1.674016 2.139212 1.847244 1 P 0
L 2.139212 1.984016 2.139212 2.157244 1 P 0
L 2.824882 0.87622 2.824882 0.90378 1 P 0
L 2.824882 0.87622 2.895748 0.87622 1 P 0
L 2.824882 0.90378 2.895748 0.90378 1 P 0
L 2.824882 2.32622 2.824882 2.35378 1 P 0
L 2.824882 2.32622 2.895748 2.32622 1 P 0
L 2.824882 2.35378 2.895748 2.35378 1 P 0
L 2.848504 0.89 2.872126 0.89 1 P 0
L 2.848504 2.34 2.872126 2.34 1 P 0
L 2.860314 0.87819 2.860314 0.901812 1 P 0
L 2.860314 2.32819 2.860314 2.351812 1 P 0
L 2.864252 2.25622 2.864252 2.28378 1 P 0
L 2.864252 2.25622 2.935118 2.25622 1 P 0
L 2.864252 2.28378 2.935118 2.28378 1 P 0
L 2.864882 0.79622 2.864882 0.82378 1 P 0
L 2.864882 0.79622 2.935748 0.79622 1 P 0
L 2.864882 0.82378 2.935748 0.82378 1 P 0
L 2.887874 2.27 2.911496 2.27 1 P 0
L 2.888504 0.81 2.912126 0.81 1 P 0
L 2.895748 0.87622 2.895748 0.90378 1 P 0
L 2.895748 2.32622 2.895748 2.35378 1 P 0
L 2.899686 2.25819 2.899686 2.281812 1 P 0
L 2.900314 0.79819 2.900314 0.821812 1 P 0
L 2.935118 2.25622 2.935118 2.28378 1 P 0
L 2.935748 0.79622 2.935748 0.82378 1 P 0
L 2.944252 0.87622 2.944252 0.90378 1 P 0
L 2.944252 0.87622 3.015118 0.87622 1 P 0
L 2.944252 0.90378 3.015118 0.90378 1 P 0
L 2.944568 2.32622 2.944568 2.35378 1 P 0
L 2.944568 2.32622 3.015434 2.32622 1 P 0
L 2.944568 2.35378 3.015434 2.35378 1 P 0
L 2.967874 0.89 2.991496 0.89 1 P 0
L 2.96819 2.34 2.991812 2.34 1 P 0
L 2.979686 0.87819 2.979686 0.901812 1 P 0
L 2.98 2.32819 2.98 2.351812 1 P 0
L 3.015118 0.87622 3.015118 0.90378 1 P 0
L 3.015434 2.32622 3.015434 2.35378 1 P 0
L 3.060788 0.734016 3.060788 0.907244 1 P 0
L 3.060788 0.734016 3.159212 0.734016 1 P 0
L 3.060788 0.907244 3.159212 0.907244 1 P 0
L 3.080788 2.184016 3.080788 2.357244 1 P 0
L 3.080788 2.184016 3.179212 2.184016 1 P 0
L 3.080788 2.357244 3.179212 2.357244 1 P 0
L 3.090316 0.82063 3.129686 0.82063 1 P 0
L 3.11 0.800944 3.11 0.840316 1 P 0
L 3.110316 2.27063 3.149686 2.27063 1 P 0
L 3.13 2.250944 3.13 2.290316 1 P 0
L 3.159212 0.734016 3.159212 0.907244 1 P 0
L 3.179212 2.184016 3.179212 2.357244 1 P 0
L 3.2599999 3.76 3.2600001 0.46 0 P 0
